130050001
upy
4
4
17
130050002
myj
5
5
18
130050003
hux
6
6
0
130050004
knq
0
7
1
130050005
vko
1
8
2
130050006
hra
2
9
3
130050007
hgh
3
10
4
130050008
qci
4
0
5
130050009
dgh
5
1
6
130050010
oaf
6
2
7
130050011
raj
0
3
8
130050012
uiz
1
4
9
130050013
umx
2
5
10
130050014
cnf
3
6
11
130050015
bjw
4
7
12
130050016
mib
5
8
13
130050017
eiw
6
9
14
130050018
sfd
0
10
15
130050019
mds
1
0
16
130050020
fzq
2
1
17
130050021
jql
3
2
18
130050022
fzk
4
3
0
130050023
rff
5
4
1
130050024
nwf
6
5
2
130050025
cum
0
6
3
130050026
mzc
1
7
4
130050027
bmf
2
8
5
130050028
uhq
3
9
6
130050029
eex
4
10
7
130050030
men
5
0
8
130050031
gfi
6
1
9
130050032
ddv
0
2
10
130050033
vzk
1
3
11
130050034
cby
2
4
12
130050035
cdt
3
5
13
130050036
zeb
4
6
14
130050037
gmf
5
7
15
130050038
lcb
6
8
16
130050039
wmq
0
9
17
130050040
wcc
1
10
18
130050041
mck
2
0
0
130050042
nxl
3
1
1
130050043
hpn
4
2
2
130050044
oiw
5
3
3
130050045
dqa
6
4
4
130050046
bzj
0
5
5
130050047
qid
1
6
6
130050048
tlp
2
7
7
130050049
vfa
3
8
8
130050050
ftt
4
9
9
130050051
eoh
5
10
10
130050052
lej
6
0
11
130050053
lzs
0
1
12
130050054
ihk
1
2
13
130050055
lsb
2
3
14
130050056
mnz
3
4
15
130050057
ekx
4
5
16
130050058
cae
5
6
17
130050059
wmz
6
7
18
130050060
qox
0
8
0
130050061
ezw
1
9
1
130050062
lbe
2
10
2
130050063
zry
3
0
3
130050064
gzg
4
1
4
130050065
nng
5
2
5
130050066
kmp
6
3
6
130050067
dbu
0
4
7
130050068
phd
1
5
8
130050069
iro
2
6
9
130050070
yvc
3
7
10
130050071
shu
4
8
11
130050072
rpa
5
9
12
130050073
xky
6
10
13
130050074
izw
0
0
14
130050075
fee
1
1
15
130050076
vyr
2
2
16
130050077
wpw
3
3
17
130050078
zij
4
4
18
130050079
xmj
5
5
0
130050080
you
6
6
1
130050081
fpo
0
7
2
130050082
ccn
1
8
3
130050083
ryd
2
9
4
130050084
sgq
3
10
5
130050085
wwg
4
0
6
130050086
yfw
5
1
7
130050087
uke
6
2
8
130050088
sxi
0
3
9
130050089
mrv
1
4
10
130050090
oan
2
5
11
130050091
chb
3
6
12
130050092
ajb
4
7
13
130050093
lll
5
8
14
130050094
wfh
6
9
15
130050095
qmh
0
10
16
130050096
ggc
1
0
17
130050097
clo
2
1
18
130050098
rhl
3
2
0
130050099
qcg
4
3
1
130050100
ifa
5
4
2
