130050001
Physics
23
33
18
130050002
Statistics
24
34
19
130050003
Biology
25
35
20
130050004
Maths
26
36
21
130050005
Physics
27
0
22
130050006
Statistics
28
1
23
130050007
Biology
0
2
24
130050008
Maths
1
3
25
130050009
Physics
2
4
26
130050010
Statistics
3
5
27
130050011
Biology
4
6
28
130050012
Maths
5
7
29
130050013
Physics
6
8
30
130050014
Statistics
7
9
31
130050015
Biology
8
10
32
130050016
Maths
9
11
33
130050017
Physics
10
12
34
130050018
Statistics
11
13
35
130050019
Biology
12
14
36
130050020
Maths
13
15
37
130050021
Physics
14
16
38
130050022
Statistics
15
17
39
130050023
Biology
16
18
40
130050024
Maths
17
19
41
130050025
Physics
18
20
42
130050026
Statistics
19
21
43
130050027
Biology
20
22
44
130050028
Maths
21
23
45
130050029
Physics
22
24
46
130050030
Statistics
23
25
47
130050031
Biology
24
26
48
130050032
Maths
25
27
49
130050033
Physics
26
28
50
130050034
Statistics
27
29
51
130050035
Biology
28
30
52
130050036
Maths
0
31
53
130050037
Physics
1
32
54
130050038
Statistics
2
33
55
130050039
Biology
3
34
56
130050040
Maths
4
35
57
130050041
Physics
5
36
58
130050042
Statistics
6
0
0
130050043
Biology
7
1
1
130050044
Maths
8
2
2
130050045
Physics
9
3
3
130050046
Statistics
10
4
4
130050047
Biology
11
5
5
130050048
Maths
12
6
6
130050049
Physics
13
7
7
130050050
Statistics
14
8
8
130050051
Biology
15
9
9
130050052
Maths
16
10
10
130050053
Physics
17
11
11
130050054
Statistics
18
12
12
130050055
Biology
19
13
13
130050056
Maths
20
14
14
130050057
Physics
21
15
15
130050058
Statistics
22
16
16
130050059
Biology
23
17
17
130050060
Maths
24
18
18
130050061
Physics
25
19
19
130050062
Statistics
26
20
20
130050063
Biology
27
21
21
130050064
Maths
28
22
22
130050065
Physics
0
23
23
130050066
Statistics
1
24
24
130050067
Biology
2
25
25
130050068
Maths
3
26
26
130050069
Physics
4
27
27
130050070
Statistics
5
28
28
130050071
Biology
6
29
29
130050072
Maths
7
30
30
130050073
Physics
8
31
31
130050074
Statistics
9
32
32
130050075
Biology
10
33
33
130050076
Maths
11
34
34
130050077
Physics
12
35
35
130050078
Statistics
13
36
36
130050079
Biology
14
0
37
130050080
Maths
15
1
38
130050081
Physics
16
2
39
130050082
Statistics
17
3
40
130050083
Biology
18
4
41
130050084
Maths
19
5
42
130050085
Physics
20
6
43
130050086
Statistics
21
7
44
130050087
Biology
22
8
45
130050088
Maths
23
9
46
130050089
Physics
24
10
47
130050090
Statistics
25
11
48
130050091
Biology
26
12
49
130050092
Maths
27
13
50
130050093
Physics
28
14
51
130050094
Statistics
0
15
52
130050095
Biology
1
16
53
130050096
Maths
2
17
54
130050097
Physics
3
18
55
130050098
Statistics
4
19
56
130050099
Biology
5
20
57
130050100
Maths
6
21
58
130050101
Physics
7
22
0
130050102
Statistics
8
23
1
130050103
Biology
9
24
2
130050104
Maths
10
25
3
130050105
Physics
11
26
4
130050106
Statistics
12
27
5
130050107
Biology
13
28
6
130050108
Maths
14
29
7
130050109
Physics
15
30
8
130050110
Statistics
16
31
9
130050111
Biology
17
32
10
130050112
Maths
18
33
11
130050113
Physics
19
34
12
130050114
Statistics
20
35
13
130050115
Biology
21
36
14
130050116
Maths
22
0
15
130050117
Physics
23
1
16
130050118
Statistics
24
2
17
130050119
Biology
25
3
18
130050120
Maths
26
4
19
130050121
Physics
27
5
20
130050122
Statistics
28
6
21
130050123
Biology
0
7
22
130050124
Maths
1
8
23
130050125
Physics
2
9
24
130050126
Statistics
3
10
25
130050127
Biology
4
11
26
130050128
Maths
5
12
27
130050129
Physics
6
13
28
130050130
Statistics
7
14
29
130050131
Biology
8
15
30
130050132
Maths
9
16
31
130050133
Physics
10
17
32
130050134
Statistics
11
18
33
130050135
Biology
12
19
34
130050136
Maths
13
20
35
130050137
Physics
14
21
36
130050138
Statistics
15
22
37
130050139
Biology
16
23
38
130050140
Maths
17
24
39
130050141
Physics
18
25
40
130050142
Statistics
19
26
41
130050143
Biology
20
27
42
130050144
Maths
21
28
43
130050145
Physics
22
29
44
130050146
Statistics
23
30
45
130050147
Biology
24
31
46
130050148
Maths
25
32
47
130050149
Physics
26
33
48
130050150
Statistics
27
34
49
130050151
Biology
28
35
50
130050152
Maths
0
36
51
130050153
Physics
1
0
52
130050154
Statistics
2
1
53
130050155
Biology
3
2
54
130050156
Maths
4
3
55
130050157
Physics
5
4
56
130050158
Statistics
6
5
57
130050159
Biology
7
6
58
130050160
Maths
8
7
0
130050161
Physics
9
8
1
130050162
Statistics
10
9
2
130050163
Biology
11
10
3
130050164
Maths
12
11
4
130050165
Physics
13
12
5
130050166
Statistics
14
13
6
130050167
Biology
15
14
7
130050168
Maths
16
15
8
130050169
Physics
17
16
9
130050170
Statistics
18
17
10
130050171
Biology
19
18
11
130050172
Maths
20
19
12
130050173
Physics
21
20
13
130050174
Statistics
22
21
14
130050175
Biology
23
22
15
130050176
Maths
24
23
16
130050177
Physics
25
24
17
130050178
Statistics
26
25
18
130050179
Biology
27
26
19
130050180
Maths
28
27
20
130050181
Physics
0
28
21
130050182
Statistics
1
29
22
130050183
Biology
2
30
23
130050184
Maths
3
31
24
130050185
Physics
4
32
25
130050186
Statistics
5
33
26
130050187
Biology
6
34
27
130050188
Maths
7
35
28
130050189
Physics
8
36
29
130050190
Statistics
9
0
30
130050191
Biology
10
1
31
130050192
Maths
11
2
32
130050193
Physics
12
3
33
130050194
Statistics
13
4
34
130050195
Biology
14
5
35
130050196
Maths
15
6
36
130050197
Physics
16
7
37
130050198
Statistics
17
8
38
130050199
Biology
18
9
39
130050200
Maths
19
10
40
130050201
Physics
20
11
41
130050202
Statistics
21
12
42
130050203
Biology
22
13
43
130050204
Maths
23
14
44
130050205
Physics
24
15
45
130050206
Statistics
25
16
46
130050207
Biology
26
17
47
130050208
Maths
27
18
48
130050209
Physics
28
19
49
130050210
Statistics
0
20
50
130050211
Biology
1
21
51
130050212
Maths
2
22
52
130050213
Physics
3
23
53
130050214
Statistics
4
24
54
130050215
Biology
5
25
55
130050216
Maths
6
26
56
130050217
Physics
7
27
57
130050218
Statistics
8
28
58
130050219
Biology
9
29
0
130050220
Maths
10
30
1
130050221
Physics
11
31
2
130050222
Statistics
12
32
3
130050223
Biology
13
33
4
130050224
Maths
14
34
5
130050225
Physics
15
35
6
130050226
Statistics
16
36
7
130050227
Biology
17
0
8
130050228
Maths
18
1
9
130050229
Physics
19
2
10
130050230
Statistics
20
3
11
130050231
Biology
21
4
12
130050232
Maths
22
5
13
130050233
Physics
23
6
14
130050234
Statistics
24
7
15
130050235
Biology
25
8
16
130050236
Maths
26
9
17
130050237
Physics
27
10
18
130050238
Statistics
28
11
19
130050239
Biology
0
12
20
130050240
Maths
1
13
21
130050241
Physics
2
14
22
130050242
Statistics
3
15
23
130050243
Biology
4
16
24
130050244
Maths
5
17
25
130050245
Physics
6
18
26
130050246
Statistics
7
19
27
130050247
Biology
8
20
28
130050248
Maths
9
21
29
130050249
Physics
10
22
30
130050250
Statistics
11
23
31
130050251
Biology
12
24
32
130050252
Maths
13
25
33
130050253
Physics
14
26
34
130050254
Statistics
15
27
35
130050255
Biology
16
28
36
130050256
Maths
17
29
37
130050257
Physics
18
30
38
130050258
Statistics
19
31
39
130050259
Biology
20
32
40
130050260
Maths
21
33
41
130050261
Physics
22
34
42
130050262
Statistics
23
35
43
130050263
Biology
24
36
44
130050264
Maths
25
0
45
130050265
Physics
26
1
46
130050266
Statistics
27
2
47
130050267
Biology
28
3
48
130050268
Maths
0
4
49
130050269
Physics
1
5
50
130050270
Statistics
2
6
51
130050271
Biology
3
7
52
130050272
Maths
4
8
53
130050273
Physics
5
9
54
130050274
Statistics
6
10
55
130050275
Biology
7
11
56
130050276
Maths
8
12
57
130050277
Physics
9
13
58
130050278
Statistics
10
14
0
130050279
Biology
11
15
1
130050280
Maths
12
16
2
130050281
Physics
13
17
3
130050282
Statistics
14
18
4
130050283
Biology
15
19
5
130050284
Maths
16
20
6
130050285
Physics
17
21
7
130050286
Statistics
18
22
8
130050287
Biology
19
23
9
130050288
Maths
20
24
10
130050289
Physics
21
25
11
130050290
Statistics
22
26
12
130050291
Biology
23
27
13
130050292
Maths
24
28
14
130050293
Physics
25
29
15
130050294
Statistics
26
30
16
130050295
Biology
27
31
17
130050296
Maths
28
32
18
130050297
Physics
0
33
19
130050298
Statistics
1
34
20
130050299
Biology
2
35
21
130050300
Maths
3
36
22
130050301
Physics
4
0
23
130050302
Statistics
5
1
24
130050303
Biology
6
2
25
130050304
Maths
7
3
26
130050305
Physics
8
4
27
130050306
Statistics
9
5
28
130050307
Biology
10
6
29
130050308
Maths
11
7
30
130050309
Physics
12
8
31
130050310
Statistics
13
9
32
130050311
Biology
14
10
33
130050312
Maths
15
11
34
130050313
Physics
16
12
35
130050314
Statistics
17
13
36
130050315
Biology
18
14
37
130050316
Maths
19
15
38
130050317
Physics
20
16
39
130050318
Statistics
21
17
40
130050319
Biology
22
18
41
130050320
Maths
23
19
42
130050321
Physics
24
20
43
130050322
Statistics
25
21
44
130050323
Biology
26
22
45
130050324
Maths
27
23
46
130050325
Physics
28
24
47
130050326
Statistics
0
25
48
130050327
Biology
1
26
49
130050328
Maths
2
27
50
130050329
Physics
3
28
51
130050330
Statistics
4
29
52
130050331
Biology
5
30
53
130050332
Maths
6
31
54
130050333
Physics
7
32
55
130050334
Statistics
8
33
56
130050335
Biology
9
34
57
130050336
Maths
10
35
58
130050337
Physics
11
36
0
130050338
Statistics
12
0
1
130050339
Biology
13
1
2
130050340
Maths
14
2
3
130050341
Physics
15
3
4
130050342
Statistics
16
4
5
130050343
Biology
17
5
6
130050344
Maths
18
6
7
130050345
Physics
19
7
8
130050346
Statistics
20
8
9
130050347
Biology
21
9
10
130050348
Maths
22
10
11
130050349
Physics
23
11
12
130050350
Statistics
24
12
13
130050351
Biology
25
13
14
130050352
Maths
26
14
15
130050353
Physics
27
15
16
130050354
Statistics
28
16
17
130050355
Biology
0
17
18
130050356
Maths
1
18
19
130050357
Physics
2
19
20
130050358
Statistics
3
20
21
130050359
Biology
4
21
22
130050360
Maths
5
22
23
130050361
Physics
6
23
24
130050362
Statistics
7
24
25
130050363
Biology
8
25
26
130050364
Maths
9
26
27
130050365
Physics
10
27
28
130050366
Statistics
11
28
29
130050367
Biology
12
29
30
130050368
Maths
13
30
31
130050369
Physics
14
31
32
130050370
Statistics
15
32
33
130050371
Biology
16
33
34
130050372
Maths
17
34
35
130050373
Physics
18
35
36
130050374
Statistics
19
36
37
130050375
Biology
20
0
38
130050376
Maths
21
1
39
130050377
Physics
22
2
40
130050378
Statistics
23
3
41
130050379
Biology
24
4
42
130050380
Maths
25
5
43
130050381
Physics
26
6
44
130050382
Statistics
27
7
45
130050383
Biology
28
8
46
130050384
Maths
0
9
47
130050385
Physics
1
10
48
130050386
Statistics
2
11
49
130050387
Biology
3
12
50
130050388
Maths
4
13
51
130050389
Physics
5
14
52
130050390
Statistics
6
15
53
130050391
Biology
7
16
54
130050392
Maths
8
17
55
130050393
Physics
9
18
56
130050394
Statistics
10
19
57
130050395
Biology
11
20
58
130050396
Maths
12
21
0
130050397
Physics
13
22
1
130050398
Statistics
14
23
2
130050399
Biology
15
24
3
130050400
Maths
16
25
4
130050401
Physics
17
26
5
130050402
Statistics
18
27
6
130050403
Biology
19
28
7
130050404
Maths
20
29
8
130050405
Physics
21
30
9
130050406
Statistics
22
31
10
130050407
Biology
23
32
11
130050408
Maths
24
33
12
130050409
Physics
25
34
13
130050410
Statistics
26
35
14
130050411
Biology
27
36
15
130050412
Maths
28
0
16
130050413
Physics
0
1
17
130050414
Statistics
1
2
18
130050415
Biology
2
3
19
130050416
Maths
3
4
20
130050417
Physics
4
5
21
130050418
Statistics
5
6
22
130050419
Biology
6
7
23
130050420
Maths
7
8
24
130050421
Physics
8
9
25
130050422
Statistics
9
10
26
130050423
Biology
10
11
27
130050424
Maths
11
12
28
130050425
Physics
12
13
29
130050426
Statistics
13
14
30
130050427
Biology
14
15
31
130050428
Maths
15
16
32
130050429
Physics
16
17
33
130050430
Statistics
17
18
34
130050431
Biology
18
19
35
130050432
Maths
19
20
36
130050433
Physics
20
21
37
130050434
Statistics
21
22
38
130050435
Biology
22
23
39
130050436
Maths
23
24
40
130050437
Physics
24
25
41
130050438
Statistics
25
26
42
130050439
Biology
26
27
43
130050440
Maths
27
28
44
130050441
Physics
28
29
45
130050442
Statistics
0
30
46
130050443
Biology
1
31
47
130050444
Maths
2
32
48
130050445
Physics
3
33
49
130050446
Statistics
4
34
50
130050447
Biology
5
35
51
130050448
Maths
6
36
52
130050449
Physics
7
0
53
130050450
Statistics
8
1
54
130050451
Biology
9
2
55
130050452
Maths
10
3
56
130050453
Physics
11
4
57
130050454
Statistics
12
5
58
130050455
Biology
13
6
0
130050456
Maths
14
7
1
130050457
Physics
15
8
2
130050458
Statistics
16
9
3
130050459
Biology
17
10
4
130050460
Maths
18
11
5
130050461
Physics
19
12
6
130050462
Statistics
20
13
7
130050463
Biology
21
14
8
130050464
Maths
22
15
9
130050465
Physics
23
16
10
130050466
Statistics
24
17
11
130050467
Biology
25
18
12
130050468
Maths
26
19
13
130050469
Physics
27
20
14
130050470
Statistics
28
21
15
130050471
Biology
0
22
16
130050472
Maths
1
23
17
130050473
Physics
2
24
18
130050474
Statistics
3
25
19
130050475
Biology
4
26
20
130050476
Maths
5
27
21
130050477
Physics
6
28
22
130050478
Statistics
7
29
23
130050479
Biology
8
30
24
130050480
Maths
9
31
25
130050481
Physics
10
32
26
130050482
Statistics
11
33
27
130050483
Biology
12
34
28
130050484
Maths
13
35
29
130050485
Physics
14
36
30
130050486
Statistics
15
0
31
130050487
Biology
16
1
32
130050488
Maths
17
2
33
130050489
Physics
18
3
34
130050490
Statistics
19
4
35
130050491
Biology
20
5
36
130050492
Maths
21
6
37
130050493
Physics
22
7
38
130050494
Statistics
23
8
39
130050495
Biology
24
9
40
130050496
Maths
25
10
41
130050497
Physics
26
11
42
130050498
Statistics
27
12
43
130050499
Biology
28
13
44
130050500
Maths
0
14
45
130050501
Physics
1
15
46
130050502
Statistics
2
16
47
130050503
Biology
3
17
48
130050504
Maths
4
18
49
130050505
Physics
5
19
50
130050506
Statistics
6
20
51
130050507
Biology
7
21
52
130050508
Maths
8
22
53
130050509
Physics
9
23
54
130050510
Statistics
10
24
55
130050511
Biology
11
25
56
130050512
Maths
12
26
57
130050513
Physics
13
27
58
130050514
Statistics
14
28
0
130050515
Biology
15
29
1
130050516
Maths
16
30
2
130050517
Physics
17
31
3
130050518
Statistics
18
32
4
130050519
Biology
19
33
5
130050520
Maths
20
34
6
130050521
Physics
21
35
7
130050522
Statistics
22
36
8
130050523
Biology
23
0
9
130050524
Maths
24
1
10
130050525
Physics
25
2
11
130050526
Statistics
26
3
12
130050527
Biology
27
4
13
130050528
Maths
28
5
14
130050529
Physics
0
6
15
130050530
Statistics
1
7
16
130050531
Biology
2
8
17
130050532
Maths
3
9
18
130050533
Physics
4
10
19
130050534
Statistics
5
11
20
130050535
Biology
6
12
21
130050536
Maths
7
13
22
130050537
Physics
8
14
23
130050538
Statistics
9
15
24
130050539
Biology
10
16
25
130050540
Maths
11
17
26
130050541
Physics
12
18
27
130050542
Statistics
13
19
28
130050543
Biology
14
20
29
130050544
Maths
15
21
30
130050545
Physics
16
22
31
130050546
Statistics
17
23
32
130050547
Biology
18
24
33
130050548
Maths
19
25
34
130050549
Physics
20
26
35
130050550
Statistics
21
27
36
130050551
Biology
22
28
37
130050552
Maths
23
29
38
130050553
Physics
24
30
39
130050554
Statistics
25
31
40
130050555
Biology
26
32
41
130050556
Maths
27
33
42
130050557
Physics
28
34
43
130050558
Statistics
0
35
44
130050559
Biology
1
36
45
130050560
Maths
2
0
46
130050561
Physics
3
1
47
130050562
Statistics
4
2
48
130050563
Biology
5
3
49
130050564
Maths
6
4
50
130050565
Physics
7
5
51
130050566
Statistics
8
6
52
130050567
Biology
9
7
53
130050568
Maths
10
8
54
130050569
Physics
11
9
55
130050570
Statistics
12
10
56
130050571
Biology
13
11
57
130050572
Maths
14
12
58
130050573
Physics
15
13
0
130050574
Statistics
16
14
1
130050575
Biology
17
15
2
130050576
Maths
18
16
3
130050577
Physics
19
17
4
130050578
Statistics
20
18
5
130050579
Biology
21
19
6
130050580
Maths
22
20
7
130050581
Physics
23
21
8
130050582
Statistics
24
22
9
130050583
Biology
25
23
10
130050584
Maths
26
24
11
130050585
Physics
27
25
12
130050586
Statistics
28
26
13
130050587
Biology
0
27
14
130050588
Maths
1
28
15
130050589
Physics
2
29
16
130050590
Statistics
3
30
17
130050591
Biology
4
31
18
130050592
Maths
5
32
19
130050593
Physics
6
33
20
130050594
Statistics
7
34
21
130050595
Biology
8
35
22
130050596
Maths
9
36
23
130050597
Physics
10
0
24
130050598
Statistics
11
1
25
130050599
Biology
12
2
26
130050600
Maths
13
3
27
130050601
Physics
14
4
28
130050602
Statistics
15
5
29
130050603
Biology
16
6
30
130050604
Maths
17
7
31
130050605
Physics
18
8
32
130050606
Statistics
19
9
33
130050607
Biology
20
10
34
130050608
Maths
21
11
35
130050609
Physics
22
12
36
130050610
Statistics
23
13
37
130050611
Biology
24
14
38
130050612
Maths
25
15
39
130050613
Physics
26
16
40
130050614
Statistics
27
17
41
130050615
Biology
28
18
42
130050616
Maths
0
19
43
130050617
Physics
1
20
44
130050618
Statistics
2
21
45
130050619
Biology
3
22
46
130050620
Maths
4
23
47
130050621
Physics
5
24
48
130050622
Statistics
6
25
49
130050623
Biology
7
26
50
130050624
Maths
8
27
51
130050625
Physics
9
28
52
130050626
Statistics
10
29
53
130050627
Biology
11
30
54
130050628
Maths
12
31
55
130050629
Physics
13
32
56
130050630
Statistics
14
33
57
130050631
Biology
15
34
58
130050632
Maths
16
35
0
130050633
Physics
17
36
1
130050634
Statistics
18
0
2
130050635
Biology
19
1
3
130050636
Maths
20
2
4
130050637
Physics
21
3
5
130050638
Statistics
22
4
6
130050639
Biology
23
5
7
130050640
Maths
24
6
8
130050641
Physics
25
7
9
130050642
Statistics
26
8
10
130050643
Biology
27
9
11
130050644
Maths
28
10
12
130050645
Physics
0
11
13
130050646
Statistics
1
12
14
130050647
Biology
2
13
15
130050648
Maths
3
14
16
130050649
Physics
4
15
17
130050650
Statistics
5
16
18
130050651
Biology
6
17
19
130050652
Maths
7
18
20
130050653
Physics
8
19
21
130050654
Statistics
9
20
22
130050655
Biology
10
21
23
130050656
Maths
11
22
24
130050657
Physics
12
23
25
130050658
Statistics
13
24
26
130050659
Biology
14
25
27
130050660
Maths
15
26
28
130050661
Physics
16
27
29
130050662
Statistics
17
28
30
130050663
Biology
18
29
31
130050664
Maths
19
30
32
130050665
Physics
20
31
33
130050666
Statistics
21
32
34
130050667
Biology
22
33
35
130050668
Maths
23
34
36
130050669
Physics
24
35
37
130050670
Statistics
25
36
38
130050671
Biology
26
0
39
130050672
Maths
27
1
40
130050673
Physics
28
2
41
130050674
Statistics
0
3
42
130050675
Biology
1
4
43
130050676
Maths
2
5
44
130050677
Physics
3
6
45
130050678
Statistics
4
7
46
130050679
Biology
5
8
47
130050680
Maths
6
9
48
130050681
Physics
7
10
49
130050682
Statistics
8
11
50
130050683
Biology
9
12
51
130050684
Maths
10
13
52
130050685
Physics
11
14
53
130050686
Statistics
12
15
54
130050687
Biology
13
16
55
130050688
Maths
14
17
56
130050689
Physics
15
18
57
130050690
Statistics
16
19
58
130050691
Biology
17
20
0
130050692
Maths
18
21
1
130050693
Physics
19
22
2
130050694
Statistics
20
23
3
130050695
Biology
21
24
4
130050696
Maths
22
25
5
130050697
Physics
23
26
6
130050698
Statistics
24
27
7
130050699
Biology
25
28
8
130050700
Maths
26
29
9
130050701
Physics
27
30
10
130050702
Statistics
28
31
11
130050703
Biology
0
32
12
130050704
Maths
1
33
13
130050705
Physics
2
34
14
130050706
Statistics
3
35
15
130050707
Biology
4
36
16
130050708
Maths
5
0
17
130050709
Physics
6
1
18
130050710
Statistics
7
2
19
130050711
Biology
8
3
20
130050712
Maths
9
4
21
130050713
Physics
10
5
22
130050714
Statistics
11
6
23
130050715
Biology
12
7
24
130050716
Maths
13
8
25
130050717
Physics
14
9
26
130050718
Statistics
15
10
27
130050719
Biology
16
11
28
130050720
Maths
17
12
29
130050721
Physics
18
13
30
130050722
Statistics
19
14
31
130050723
Biology
20
15
32
130050724
Maths
21
16
33
130050725
Physics
22
17
34
130050726
Statistics
23
18
35
130050727
Biology
24
19
36
130050728
Maths
25
20
37
130050729
Physics
26
21
38
130050730
Statistics
27
22
39
130050731
Biology
28
23
40
130050732
Maths
0
24
41
130050733
Physics
1
25
42
130050734
Statistics
2
26
43
130050735
Biology
3
27
44
130050736
Maths
4
28
45
130050737
Physics
5
29
46
130050738
Statistics
6
30
47
130050739
Biology
7
31
48
130050740
Maths
8
32
49
130050741
Physics
9
33
50
130050742
Statistics
10
34
51
130050743
Biology
11
35
52
130050744
Maths
12
36
53
130050745
Physics
13
0
54
130050746
Statistics
14
1
55
130050747
Biology
15
2
56
130050748
Maths
16
3
57
130050749
Physics
17
4
58
130050750
Statistics
18
5
0
130050751
Biology
19
6
1
130050752
Maths
20
7
2
130050753
Physics
21
8
3
130050754
Statistics
22
9
4
130050755
Biology
23
10
5
130050756
Maths
24
11
6
130050757
Physics
25
12
7
130050758
Statistics
26
13
8
130050759
Biology
27
14
9
130050760
Maths
28
15
10
130050761
Physics
0
16
11
130050762
Statistics
1
17
12
130050763
Biology
2
18
13
130050764
Maths
3
19
14
130050765
Physics
4
20
15
130050766
Statistics
5
21
16
130050767
Biology
6
22
17
130050768
Maths
7
23
18
130050769
Physics
8
24
19
130050770
Statistics
9
25
20
130050771
Biology
10
26
21
130050772
Maths
11
27
22
130050773
Physics
12
28
23
130050774
Statistics
13
29
24
130050775
Biology
14
30
25
130050776
Maths
15
31
26
130050777
Physics
16
32
27
130050778
Statistics
17
33
28
130050779
Biology
18
34
29
130050780
Maths
19
35
30
130050781
Physics
20
36
31
130050782
Statistics
21
0
32
130050783
Biology
22
1
33
130050784
Maths
23
2
34
130050785
Physics
24
3
35
130050786
Statistics
25
4
36
130050787
Biology
26
5
37
130050788
Maths
27
6
38
130050789
Physics
28
7
39
130050790
Statistics
0
8
40
130050791
Biology
1
9
41
130050792
Maths
2
10
42
130050793
Physics
3
11
43
130050794
Statistics
4
12
44
130050795
Biology
5
13
45
130050796
Maths
6
14
46
130050797
Physics
7
15
47
130050798
Statistics
8
16
48
130050799
Biology
9
17
49
130050800
Maths
10
18
50
130050801
Physics
11
19
51
130050802
Statistics
12
20
52
130050803
Biology
13
21
53
130050804
Maths
14
22
54
130050805
Physics
15
23
55
130050806
Statistics
16
24
56
130050807
Biology
17
25
57
130050808
Maths
18
26
58
130050809
Physics
19
27
0
130050810
Statistics
20
28
1
130050811
Biology
21
29
2
130050812
Maths
22
30
3
130050813
Physics
23
31
4
130050814
Statistics
24
32
5
130050815
Biology
25
33
6
130050816
Maths
26
34
7
130050817
Physics
27
35
8
130050818
Statistics
28
36
9
130050819
Biology
0
0
10
130050820
Maths
1
1
11
130050821
Physics
2
2
12
130050822
Statistics
3
3
13
130050823
Biology
4
4
14
130050824
Maths
5
5
15
130050825
Physics
6
6
16
130050826
Statistics
7
7
17
130050827
Biology
8
8
18
130050828
Maths
9
9
19
130050829
Physics
10
10
20
130050830
Statistics
11
11
21
130050831
Biology
12
12
22
130050832
Maths
13
13
23
130050833
Physics
14
14
24
130050834
Statistics
15
15
25
130050835
Biology
16
16
26
130050836
Maths
17
17
27
130050837
Physics
18
18
28
130050838
Statistics
19
19
29
130050839
Biology
20
20
30
130050840
Maths
21
21
31
130050841
Physics
22
22
32
130050842
Statistics
23
23
33
130050843
Biology
24
24
34
130050844
Maths
25
25
35
130050845
Physics
26
26
36
130050846
Statistics
27
27
37
130050847
Biology
28
28
38
130050848
Maths
0
29
39
130050849
Physics
1
30
40
130050850
Statistics
2
31
41
130050851
Biology
3
32
42
130050852
Maths
4
33
43
130050853
Physics
5
34
44
130050854
Statistics
6
35
45
130050855
Biology
7
36
46
130050856
Maths
8
0
47
130050857
Physics
9
1
48
130050858
Statistics
10
2
49
130050859
Biology
11
3
50
130050860
Maths
12
4
51
130050861
Physics
13
5
52
130050862
Statistics
14
6
53
130050863
Biology
15
7
54
130050864
Maths
16
8
55
130050865
Physics
17
9
56
130050866
Statistics
18
10
57
130050867
Biology
19
11
58
130050868
Maths
20
12
0
130050869
Physics
21
13
1
130050870
Statistics
22
14
2
130050871
Biology
23
15
3
130050872
Maths
24
16
4
130050873
Physics
25
17
5
130050874
Statistics
26
18
6
130050875
Biology
27
19
7
130050876
Maths
28
20
8
130050877
Physics
0
21
9
130050878
Statistics
1
22
10
130050879
Biology
2
23
11
130050880
Maths
3
24
12
130050881
Physics
4
25
13
130050882
Statistics
5
26
14
130050883
Biology
6
27
15
130050884
Maths
7
28
16
130050885
Physics
8
29
17
130050886
Statistics
9
30
18
130050887
Biology
10
31
19
130050888
Maths
11
32
20
130050889
Physics
12
33
21
130050890
Statistics
13
34
22
130050891
Biology
14
35
23
130050892
Maths
15
36
24
130050893
Physics
16
0
25
130050894
Statistics
17
1
26
130050895
Biology
18
2
27
130050896
Maths
19
3
28
130050897
Physics
20
4
29
130050898
Statistics
21
5
30
130050899
Biology
22
6
31
130050900
Maths
23
7
32
130050901
Physics
24
8
33
130050902
Statistics
25
9
34
130050903
Biology
26
10
35
130050904
Maths
27
11
36
130050905
Physics
28
12
37
130050906
Statistics
0
13
38
130050907
Biology
1
14
39
130050908
Maths
2
15
40
130050909
Physics
3
16
41
130050910
Statistics
4
17
42
130050911
Biology
5
18
43
130050912
Maths
6
19
44
130050913
Physics
7
20
45
130050914
Statistics
8
21
46
130050915
Biology
9
22
47
130050916
Maths
10
23
48
130050917
Physics
11
24
49
130050918
Statistics
12
25
50
130050919
Biology
13
26
51
130050920
Maths
14
27
52
130050921
Physics
15
28
53
130050922
Statistics
16
29
54
130050923
Biology
17
30
55
130050924
Maths
18
31
56
130050925
Physics
19
32
57
130050926
Statistics
20
33
58
130050927
Biology
21
34
0
130050928
Maths
22
35
1
130050929
Physics
23
36
2
130050930
Statistics
24
0
3
130050931
Biology
25
1
4
130050932
Maths
26
2
5
130050933
Physics
27
3
6
130050934
Statistics
28
4
7
130050935
Biology
0
5
8
130050936
Maths
1
6
9
130050937
Physics
2
7
10
130050938
Statistics
3
8
11
130050939
Biology
4
9
12
130050940
Maths
5
10
13
130050941
Physics
6
11
14
130050942
Statistics
7
12
15
130050943
Biology
8
13
16
130050944
Maths
9
14
17
130050945
Physics
10
15
18
130050946
Statistics
11
16
19
130050947
Biology
12
17
20
130050948
Maths
13
18
21
130050949
Physics
14
19
22
130050950
Statistics
15
20
23
130050951
Biology
16
21
24
130050952
Maths
17
22
25
130050953
Physics
18
23
26
130050954
Statistics
19
24
27
130050955
Biology
20
25
28
130050956
Maths
21
26
29
130050957
Physics
22
27
30
130050958
Statistics
23
28
31
130050959
Biology
24
29
32
130050960
Maths
25
30
33
130050961
Physics
26
31
34
130050962
Statistics
27
32
35
130050963
Biology
28
33
36
130050964
Maths
0
34
37
130050965
Physics
1
35
38
130050966
Statistics
2
36
39
130050967
Biology
3
0
40
130050968
Maths
4
1
41
130050969
Physics
5
2
42
130050970
Statistics
6
3
43
130050971
Biology
7
4
44
130050972
Maths
8
5
45
130050973
Physics
9
6
46
130050974
Statistics
10
7
47
130050975
Biology
11
8
48
130050976
Maths
12
9
49
130050977
Physics
13
10
50
130050978
Statistics
14
11
51
130050979
Biology
15
12
52
130050980
Maths
16
13
53
130050981
Physics
17
14
54
130050982
Statistics
18
15
55
130050983
Biology
19
16
56
130050984
Maths
20
17
57
130050985
Physics
21
18
58
130050986
Statistics
22
19
0
130050987
Biology
23
20
1
130050988
Maths
24
21
2
130050989
Physics
25
22
3
130050990
Statistics
26
23
4
130050991
Biology
27
24
5
130050992
Maths
28
25
6
130050993
Physics
0
26
7
130050994
Statistics
1
27
8
130050995
Biology
2
28
9
130050996
Maths
3
29
10
130050997
Physics
4
30
11
130050998
Statistics
5
31
12
130050999
Biology
6
32
13
130051000
Maths
7
33
14
