130050001
Physics
23
33
18
130050002
Statistics
24
34
19
130050003
Biology
25
35
20
130050004
Maths
26
36
21
130050005
Physics
27
0
22
130050006
Statistics
28
1
23
130050007
Biology
0
2
24
130050008
Maths
1
3
25
130050009
Physics
2
4
26
130050010
Statistics
3
5
27
130050011
Biology
4
6
28
130050012
Maths
5
7
29
130050013
Physics
6
8
30
130050014
Statistics
7
9
31
130050015
Biology
8
10
32
130050016
Maths
9
11
33
130050017
Physics
10
12
34
130050018
Statistics
11
13
35
130050019
Biology
12
14
36
130050020
Maths
13
15
37
130050021
Physics
14
16
38
130050022
Statistics
15
17
39
130050023
Biology
16
18
40
130050024
Maths
17
19
41
130050025
Physics
18
20
42
130050026
Statistics
19
21
43
130050027
Biology
20
22
44
130050028
Maths
21
23
45
130050029
Physics
22
24
46
130050030
Statistics
23
25
47
130050031
Biology
24
26
48
130050032
Maths
25
27
49
130050033
Physics
26
28
50
130050034
Statistics
27
29
51
130050035
Biology
28
30
52
130050036
Maths
0
31
53
130050037
Physics
1
32
54
130050038
Statistics
2
33
55
130050039
Biology
3
34
56
130050040
Maths
4
35
57
130050041
Physics
5
36
58
130050042
Statistics
6
0
0
130050043
Biology
7
1
1
130050044
Maths
8
2
2
130050045
Physics
9
3
3
130050046
Statistics
10
4
4
130050047
Biology
11
5
5
130050048
Maths
12
6
6
130050049
Physics
13
7
7
130050050
Statistics
14
8
8
130050051
Biology
15
9
9
130050052
Maths
16
10
10
130050053
Physics
17
11
11
130050054
Statistics
18
12
12
130050055
Biology
19
13
13
130050056
Maths
20
14
14
130050057
Physics
21
15
15
130050058
Statistics
22
16
16
130050059
Biology
23
17
17
130050060
Maths
24
18
18
130050061
Physics
25
19
19
130050062
Statistics
26
20
20
130050063
Biology
27
21
21
130050064
Maths
28
22
22
130050065
Physics
0
23
23
130050066
Statistics
1
24
24
130050067
Biology
2
25
25
130050068
Maths
3
26
26
130050069
Physics
4
27
27
130050070
Statistics
5
28
28
130050071
Biology
6
29
29
130050072
Maths
7
30
30
130050073
Physics
8
31
31
130050074
Statistics
9
32
32
130050075
Biology
10
33
33
130050076
Maths
11
34
34
130050077
Physics
12
35
35
130050078
Statistics
13
36
36
130050079
Biology
14
0
37
130050080
Maths
15
1
38
130050081
Physics
16
2
39
130050082
Statistics
17
3
40
130050083
Biology
18
4
41
130050084
Maths
19
5
42
130050085
Physics
20
6
43
130050086
Statistics
21
7
44
130050087
Biology
22
8
45
130050088
Maths
23
9
46
130050089
Physics
24
10
47
130050090
Statistics
25
11
48
130050091
Biology
26
12
49
130050092
Maths
27
13
50
130050093
Physics
28
14
51
130050094
Statistics
0
15
52
130050095
Biology
1
16
53
130050096
Maths
2
17
54
130050097
Physics
3
18
55
130050098
Statistics
4
19
56
130050099
Biology
5
20
57
130050100
Maths
6
21
58
